10 0 5
9.98029 0.627587 5
9.92123 1.2527 5
9.82305 1.87287 5
9.68615 2.48566 5
9.51106 3.08866 5
9.29847 3.67947 5
9.04922 4.25578 5
8.76429 4.8153 5
8.44482 5.35585 5   
8.09204 5.87528 5
7.70737 6.37154 5
7.2923 6.84268 5
6.84849 7.28685 5
6.37768 7.70229 5
5.88172 8.08736 5
5.36257 8.44055 5
4.82228 8.76046 5
4.26298 9.04583 5
3.68687 9.29554 5
3.09623 9.50859 5
2.49338 9.68417 5
1.8807 9.82156 5
1.2606 9.92023 5
0.635535 9.97978 5
0.00796327 10 5
-0.61964 9.98078 5
-1.2448 9.92222 5
-1.86505 9.82454 5
-2.47795 9.68812 5
-3.08108 9.51351 5
-3.67206 9.3014 5
-4.24857 9.05261 5
-4.80832 8.76813 5
-5.34912 8.44908 5
-5.86883 8.09672 5
-6.3654 7.71244 5
-6.83687 7.29775 5
-7.2814 6.85429 5
-7.69721 6.38381 5
-8.08267 5.88816 5
-8.43627 5.36929 5
-8.75661 4.82926 5
-9.04243 4.27018 5
-9.2926 3.69427 5
-9.50613 3.1038 5
-9.68218 2.50109 5
-9.82006 1.88852 5
-9.91922 1.2685 5
-9.97928 0.643482 5
-9.99999 0.0159265 5
-9.98127 -0.611691 5
-9.92321 -1.2369 5
-9.82602 -1.85723 5
-9.69009 -2.47023 5
-9.51596 -3.0735 5
-9.30432 -3.66465 5
-9.05599 -4.24136 5
-8.77195 -4.80134 5
-8.45333 -5.34239 5
-8.10139 -5.86238 5
-7.7175 -6.35926 5
-7.30319 -6.83106 5
-6.86009 -7.27593 5
-6.38993 -7.69212 5
-5.89459 -8.07798 5
-5.37601 -8.432 5
-4.83623 -8.75277 5
-4.27738 -9.03903 5
-3.70167 -9.28965 5
-3.11137 -9.50365 5
-2.5088 -9.68018 5
-1.89634 -9.81855 5
-1.2764 -9.91821 5
-0.651428 -9.97876 5
-0.0238898 -9.99997 5
0.603743 -9.98176 5
1.229 -9.92419 5
1.8494 -9.8275 5
2.46252 -9.69206 5
3.06592 -9.51841 5
3.65724 -9.30723 5
4.23414 -9.05936 5
4.79435 -8.77577 5
5.33566 -8.45759 5
5.85593 -8.10605 5
6.35311 -7.72256 5
6.82524 -7.30863 5
7.27047 -6.86588 5
7.68703 -6.39606 5
8.07329 -5.90102 5
8.42771 -5.38272 5
8.74891 -4.8432 5
9.03562 -4.28458 5
9.2867 -3.70907 5
9.50117 -3.11894 5
9.67818 -2.51651 5
9.81704 -1.90415 5
9.91719 -1.2843 5
9.97824 -0.659374 5
9.99995 -0.031853 5
