10 0
9.98029 1.88276
9.92123 3.7581
9.82305 5.61862
9.68615 7.45699
9.51106 9.26597
9.29847 11.0384
9.04922 12.7673
8.76429 14.4459
8.44482 16.0675
8.09204 17.6258
7.70737 19.1146
7.2923 20.5281
6.84849 21.8606
6.37768 23.1069
5.88172 24.2621
5.36257 25.3216
4.82228 26.2814
4.26298 27.1375
3.68687 27.8866
3.09623 28.5258
2.49338 29.0525
1.8807 29.4647
1.2606 29.7607
0.635535 29.9394
0.00796327 30
-0.61964 29.9424
-1.2448 29.7667
-1.86505 29.4736
-2.47795 29.0644
-3.08108 28.5405
-3.67206 27.9042
-4.24857 27.1578
-4.80832 26.3044
-5.34912 25.3472
-5.86883 24.2902
-6.3654 23.1373
-6.83687 21.8932
-7.2814 20.5629
-7.69721 19.1514
-8.08267 17.6645
-8.43627 16.1079
-8.75661 14.4878
-9.04243 12.8105
-9.2926 11.0828
-9.50613 9.3114
-9.68218 7.50326
-9.82006 5.66555
-9.91922 3.8055
-9.97928 1.93044
-9.99999 0.0477796
-9.98127 -1.83507
-9.92321 -3.71069
-9.82602 -5.57168
-9.69009 -7.4107
-9.51596 -9.22051
-9.30432 -10.994
-9.05599 -12.7241
-8.77195 -14.404
-8.45333 -16.0272
-8.10139 -17.5871
-7.7175 -19.0778
-7.30319 -20.4932
-6.86009 -21.8278
-6.38993 -23.0764
-5.89459 -24.2339
-5.37601 -25.296
-4.83623 -26.2583
-4.27738 -27.1171
-3.70167 -27.869
-3.11137 -28.511
-2.5088 -29.0405
-1.89634 -29.4556
-1.2764 -29.7546
-0.651428 -29.9363
-0.0238898 -29.9999
0.603743 -29.9453
1.229 -29.7726
1.8494 -29.4825
2.46252 -29.0762
3.06592 -28.5552
3.65724 -27.9217
4.23414 -27.1781
4.79435 -26.3273
5.33566 -25.3728
5.85593 -24.3182
6.35311 -23.1677
6.82524 -21.9259
7.27047 -20.5976
7.68703 -19.1882
8.07329 -17.7031
8.42771 -16.1482
8.74891 -14.5296
9.03562 -12.8537
9.2867 -11.1272
9.50117 -9.35681
9.67818 -7.54952
9.81704 -5.71246
9.91719 -3.85289
9.97824 -1.97812
9.99995 -0.0955591
